-3.872
-7.743
-11.612
-15.478
-19.340
-23.198
-27.050
-30.896
-34.734
-38.564
-42.384
-46.194
-49.993
-53.780
-57.554
-61.314
-65.060
-68.789
-72.502
-76.198
-79.875
-83.532
-87.170
-90.786
-94.381
-97.952
-101.500
-105.024
-108.522
-111.993
-115.438
-118.854
-122.242
-125.601
-128.928
-132.225
-135.489
-138.721
-141.919
-145.083
-148.211
-151.303
-154.359
-157.377
-160.357
-163.298
-166.200
-169.061
-171.881
-174.659
-177.394
-180.087
-182.736
-185.340
-187.899
-190.412
-192.879
-195.299
-197.671
-199.995
-202.270
-204.496
-206.672
-208.798
-210.872
-212.895
-214.866
-216.784
-218.650
-220.462
-222.220
-223.923
-225.572
-227.166
-228.704
-230.185
-231.611
-232.979
-234.291
-235.545
-236.741
-237.879
-238.959
-239.979
-240.941
-241.844
-242.687
-243.471
-244.194
-244.858
-245.461
-246.004
-246.486
-246.907
-247.268
-247.567
-247.806
-247.983
-248.099
-248.154
-248.148
-248.080
-247.951
-247.761
-247.510
-247.197
-246.823
-246.389
-245.893
-245.336
-244.719
-244.041
-243.303
-242.504
-241.645
-240.727
-239.749
-238.711
-237.614
-236.459
-235.244
-233.972
-232.641
-231.253
-229.807
-228.304
-226.745
-225.129
-223.457
-221.730
-219.948
-218.111
-216.220
-214.276
-212.278
-210.227
-208.124
-205.970
-203.764
-201.508
-199.202
-196.846
-194.441
-191.988
-189.488
-186.940
-184.346
-181.706
-179.021
-176.292
-173.519
-170.703
-167.844
-164.944
-162.003
-159.021
-156.001
-152.941
-149.844
-146.710
-143.539
-140.333
-137.092
-133.817
-130.509
-127.168
-123.797
-120.395
-116.963
-113.502
-110.013
-106.497
-102.955
-99.387
-95.795
-92.180
-88.542
-84.882
-81.202
-77.501
-73.782
-70.044
-66.290
-62.519
-58.734
-54.934
-51.121
-47.295
-43.458
-39.611
-35.754
-31.889
-28.016
-24.137
-20.253
-16.363
-12.470
-8.575
-4.677
-0.780
3.118
7.014
10.909
14.800
18.686
22.568
26.444
30.312
34.173
38.024
41.866
45.697
49.515
53.321
57.114
60.892
64.654
68.399
72.127
75.837
79.528
83.198
86.847
90.475
94.079
97.660
101.216
104.746
108.250
111.727
115.176
118.595
121.985
125.345
128.673
131.969
135.231
138.460
141.655
144.814
147.937
151.022
154.071
157.081
160.051
162.982
165.873
168.722
171.529
174.294
177.015
179.692
182.325
184.913
187.455
189.950
192.399
194.799
197.152
199.456
201.711
203.915
206.070
208.173
210.225
212.226
214.174
216.069
217.911
219.699
221.433
223.113
224.738
226.307
227.821
229.279
230.680
232.025
233.313
234.543
235.716
236.831
237.888
238.886
239.826
240.707
241.529
242.292
242.996
243.640
244.224
244.749
245.213
245.617
245.962
246.246
246.470
246.633
246.736
246.779
246.761
246.683
246.545
246.346
246.087
245.768
245.389
244.949
244.450
243.891
243.272
242.594
241.857
241.060
240.205
239.290
238.317
237.286
236.197
235.050
233.845
232.583
231.264
229.889
228.457
226.969
225.426
223.828
222.175
220.467
218.705
216.890
215.021
213.100
211.126
209.101
207.024
204.897
202.719
200.491
198.214
195.889
193.515
191.094
188.625
186.110
183.550
180.944
178.293
175.599
172.861
170.081
167.258
164.395
161.490
158.546
155.563
152.541
149.481
146.384
143.251
140.082
136.879
133.642
130.371
127.068
123.733
120.367
116.972
113.547
110.094
106.613
103.106
99.572
96.014
92.432
88.826
85.198
81.548
77.878
74.188
70.480
66.753
63.009
59.250
55.475
51.686
47.883
44.068
40.242
36.405
32.559
28.703
24.841
20.971
17.096
13.216
9.332
5.445
1.556
-2.334
-6.224
-10.113
-14.000
-17.884
-21.765
-25.641
-29.511
-33.374
-37.230
-41.077
-44.914
-48.741
-52.557
-56.360
-60.150
-63.925
-67.685
-71.430
-75.156
-78.865
-82.555
-86.225
-89.874
-93.502
-97.106
-100.688
-104.244
-107.776
-111.281
-114.759
-118.209
-121.630
-125.022
-128.383
-131.712
-135.010
-138.274
-141.504
-144.700
-147.860
-150.984
-154.070
-157.119
-160.129
-163.100
-166.031
-168.921
-171.769
-174.574
-177.337
-180.056
-182.731
-185.360
-187.944
-190.481
-192.971
-195.413
-197.807
-200.152
-202.448
-204.694
-206.889
-209.032
-211.124
-213.164
-215.151
-217.084
-218.964
-220.790
-222.560
-224.276
-225.936
-227.540
-229.088
-230.579
-232.013
-233.389
-234.707
-235.967
-237.169
-238.312
-239.395
-240.420
-241.384
-242.289
-243.134
-243.919
-244.643
-245.306
-245.909
-246.450
-246.931
-247.350
-247.708
-248.005
-248.240
-248.414
-248.526
-248.577
-248.566
-248.494
-248.360
-248.164
-247.908
-247.589
-247.210
-246.770
-246.268
-245.706
-245.083
-244.399
-243.655
-242.851
-241.987
-241.063
-240.079
-239.037
-237.935
-236.775
-235.556
-234.280
-232.945
-231.553
-230.105
-228.599
-227.038
-225.420
-223.747
-222.019
-220.237
-218.400
-216.510
-214.567
-212.571
-210.523
-208.423
-206.272
-204.071
-201.819
-199.519
-197.169
-194.771
-192.326
-189.834
-187.295
-184.710
-182.081
-179.407
-176.689
-173.928
-171.125
-168.280
-165.394
-162.468
-159.502
-156.498
-153.455
-150.376
-147.259
-144.107
-140.921
-137.700
-134.445
-131.158
-127.840
-124.490
-121.111
-117.702
-114.265
-110.800
-107.308
-103.791
-100.249
-96.682
-93.093
-89.481
-85.847
-82.193
-78.520
-74.827
-71.117
-67.390
-63.646
-59.888
-56.115
-52.329
-48.531
-44.721
-40.901
-37.071
-33.232
-29.386
-25.533
-21.674
-17.810
-13.943
-10.072
-6.199
-2.325
1.550
5.423
9.295
13.165
17.031
20.892
24.748
28.598
32.440
36.275
40.100
43.915
47.719
51.511
55.291
59.057
62.808
66.544
70.263
73.965
77.649
81.314
84.958
88.582
92.184
95.764
99.320
102.852
106.358
109.839
113.293
116.719
120.116
123.484
126.822
130.129
133.405
136.648
139.857
143.032
146.173
149.277
152.346
155.377
158.370
161.325
164.241
167.116
169.951
172.744
175.495
178.204
180.868
183.489
186.066
188.596
191.081
193.519
195.911
198.254
200.549
202.795
204.992
207.138
209.234
211.279
213.273
215.214
217.103
218.939
220.721
222.450
224.124
225.744
227.308
228.817
230.269
231.666
233.006
234.289
235.514
236.682
237.792
238.844
239.837
240.771
241.647
242.463
243.220
243.917
244.554
245.132
245.649
246.106
246.502
246.838
247.113
247.328
247.482
247.575
247.607
247.578
247.488
247.337
247.125
246.853
246.519
246.125
245.670
245.155
244.579
243.943
243.246
242.489
241.673
240.797
239.861
238.866
237.812
236.699
235.528
234.298
233.011
231.665
230.263
228.803
227.286
225.713
224.085
222.400
220.661
218.866
217.018
215.115
213.159
211.151
209.089
206.976
204.811
202.596
200.330
198.014
195.649
193.235
190.773
188.264
185.708
183.106
180.458
177.765
175.027
172.247
169.423
166.557
163.650
160.701
157.713
154.685
151.619
148.515
145.374
142.197
138.984
135.737
132.456
129.142
125.795
122.417
119.009
115.571
112.104
108.610
105.088
101.540
97.967
94.369
90.748
87.104
83.438
79.752
76.046
72.321
68.578
64.818
61.042
57.251
53.445
49.627
45.796
41.954
38.101
34.239
30.369
26.491
22.606
18.717
14.822
10.924
7.024
3.122
-0.781
-4.683
-8.584
-12.482
-16.377
-20.268
-24.154
-28.033
-31.906
-35.770
-39.625
-43.469
-47.303
-51.125
-54.934
-58.728
-62.508
-66.272
-70.020
-73.749
-77.460
-81.152
-84.823
-88.472
-92.100
-95.704
-99.284
-102.839
-106.368
-109.871
-113.345
-116.792
-120.209
-123.596
-126.952
-130.276
-133.567
-136.825
-140.049
-143.238
-146.391
-149.507
-152.586
-155.627
-158.629
-161.591
-164.513
-167.394
-170.233
-173.030
-175.784
-178.493
-181.159
-183.779
-186.354
-188.882
-191.363
-193.797
-196.183
-198.519
-200.807
-203.045
-205.232
-207.368
-209.453
-211.486
-213.467
-215.395
-217.270
-219.090
-220.857
-222.569
-224.226
-225.827
-227.373
-228.862
-230.295
-231.672
-232.991
-234.252
-235.456
-236.602
-237.689
-238.718
-239.688
-240.599
-241.451
-242.244
-242.976
-243.649
-244.263
-244.816
-245.309
-245.742
-246.114
-246.426
-246.678
-246.869
-246.999
-247.069
-247.078
-247.027
-246.915
-246.742
-246.509
-246.216
-245.863
-245.449
-244.975
-244.441
-243.848
-243.194
-242.481
-241.709
-240.878
-239.988
-239.039
-238.032
-236.966
-235.843
-234.662
-233.423
-232.128
-230.776
-229.367
-227.902
-226.382
-224.806
-223.176
-221.490
-219.751
-217.958
-216.112
-214.213
-212.262
-210.258
-208.204
-206.098
-203.942
-201.736
-199.481
-197.177
-194.825
-192.425
-189.979
-187.485
-184.946
-182.362
-179.732
-177.059
-174.343
-171.583
-168.782
-165.940
-163.056
-160.133
-157.170
-154.169
-151.130
-148.053
-144.941
-141.792
-138.609
-135.392
-132.141
-128.858
-125.543
-122.197
-118.821
-115.415
-111.981
-108.520
-105.031
-101.516
-97.976
-94.412
-90.824
-87.214
-83.582
-79.929
-76.256
-72.564
-68.854
-65.127
-61.383
-57.623
-53.849
-50.062
-46.261
-42.449
-38.626
-34.793
-30.951
-27.100
-23.243
-19.379
-15.510
-11.637
-7.760
-3.881
