-0.000
-0.001
-0.002
-0.003
-0.005
-0.007
-0.010
-0.013
-0.016
-0.020
-0.024
-0.029
-0.034
-0.039
-0.045
-0.051
-0.057
-0.064
-0.071
-0.079
-0.087
-0.095
-0.104
-0.113
-0.122
-0.132
-0.142
-0.152
-0.163
-0.174
-0.186
-0.198
-0.210
-0.222
-0.235
-0.248
-0.261
-0.275
-0.289
-0.303
-0.317
-0.332
-0.347
-0.362
-0.378
-0.393
-0.409
-0.426
-0.442
-0.459
-0.476
-0.493
-0.510
-0.528
-0.545
-0.563
-0.581
-0.600
-0.618
-0.637
-0.655
-0.674
-0.693
-0.712
-0.731
-0.751
-0.770
-0.789
-0.809
-0.829
-0.848
-0.868
-0.888
-0.908
-0.928
-0.948
-0.968
-0.988
-1.008
-1.028
-1.048
-1.068
-1.087
-1.107
-1.127
-1.147
-1.167
-1.186
-1.206
-1.225
-1.245
-1.264
-1.283
-1.303
-1.321
-1.340
-1.359
-1.378
-1.396
-1.414
-1.432
-1.450
-1.468
-1.486
-1.503
-1.520
-1.537
-1.554
-1.570
-1.587
-1.603
-1.619
-1.634
-1.649
-1.665
-1.679
-1.694
-1.708
-1.722
-1.736
-1.749
-1.762
-1.775
-1.787
-1.800
-1.811
-1.823
-1.834
-1.845
-1.856
-1.866
-1.876
-1.885
-1.894
-1.903
-1.911
-1.919
-1.927
-1.934
-1.941
-1.948
-1.954
-1.960
-1.965
-1.970
-1.975
-1.979
-1.983
-1.986
-1.990
-1.992
-1.995
-1.996
-1.998
-1.999
-2.000
-2.000
-2.000
-1.999
-1.998
-1.997
-1.995
-1.993
-1.991
-1.988
-1.985
-1.981
-1.977
-1.973
-1.968
-1.962
-1.957
-1.951
-1.944
-1.938
-1.931
-1.923
-1.915
-1.907
-1.898
-1.889
-1.880
-1.870
-1.860
-1.850
-1.839
-1.828
-1.817
-1.805
-1.793
-1.781
-1.768
-1.755
-1.742
-1.729
-1.715
-1.701
-1.686
-1.672
-1.657
-1.641
-1.626
-1.610
-1.594
-1.578
-1.562
-1.545
-1.528
-1.511
-1.494
-1.476
-1.459
-1.441
-1.423
-1.405
-1.386
-1.368
-1.349
-1.330
-1.312
-1.292
-1.273
-1.254
-1.235
-1.215
-1.196
-1.176
-1.156
-1.137
-1.117
-1.097
-1.077
-1.057
-1.037
-1.017
-0.997
-0.977
-0.957
-0.937
-0.917
-0.897
-0.878
-0.858
-0.838
-0.818
-0.799
-0.779
-0.760
-0.740
-0.721
-0.702
-0.683
-0.664
-0.645
-0.627
-0.608
-0.590
-0.572
-0.554
-0.536
-0.518
-0.501
-0.484
-0.467
-0.450
-0.433
-0.417
-0.401
-0.385
-0.369
-0.354
-0.339
-0.324
-0.310
-0.295
-0.281
-0.267
-0.254
-0.241
-0.228
-0.215
-0.203
-0.191
-0.180
-0.168
-0.158
-0.147
-0.137
-0.127
-0.117
-0.108
-0.099
-0.091
-0.083
-0.075
-0.067
-0.060
-0.054
-0.047
-0.042
-0.036
-0.031
-0.026
-0.022
-0.018
-0.014
-0.011
-0.008
-0.006
-0.004
-0.002
-0.001
-0.000
-0.000
-0.000
-0.000
-0.001
-0.002
-0.004
-0.006
-0.008
-0.011
-0.014
-0.018
-0.022
-0.026
-0.031
-0.036
-0.042
-0.048
-0.054
-0.061
-0.068
-0.075
-0.083
-0.091
-0.100
-0.108
-0.118
-0.127
-0.137
-0.147
-0.158
-0.169
-0.180
-0.192
-0.204
-0.216
-0.229
-0.242
-0.255
-0.268
-0.282
-0.296
-0.310
-0.325
-0.340
-0.355
-0.370
-0.386
-0.402
-0.418
-0.434
-0.451
-0.468
-0.485
-0.502
-0.519
-0.537
-0.555
-0.573
-0.591
-0.609
-0.628
-0.646
-0.665
-0.684
-0.703
-0.722
-0.741
-0.761
-0.780
-0.800
-0.819
-0.839
-0.859
-0.879
-0.898
-0.918
-0.938
-0.958
-0.978
-0.998
-1.018
-1.038
-1.058
-1.078
-1.098
-1.118
-1.138
-1.157
-1.177
-1.197
-1.216
-1.236
-1.255
-1.274
-1.293
-1.313
-1.331
-1.350
-1.369
-1.387
-1.406
-1.424
-1.442
-1.460
-1.477
-1.495
-1.512
-1.529
-1.546
-1.563
-1.579
-1.595
-1.611
-1.627
-1.642
-1.657
-1.672
-1.687
-1.701
-1.716
-1.729
-1.743
-1.756
-1.769
-1.782
-1.794
-1.806
-1.818
-1.829
-1.840
-1.851
-1.861
-1.871
-1.881
-1.890
-1.899
-1.907
-1.916
-1.923
-1.931
-1.938
-1.945
-1.951
-1.957
-1.963
-1.968
-1.973
-1.977
-1.981
-1.985
-1.988
-1.991
-1.993
-1.996
-1.997
-1.999
-1.999
-2.000
-2.000
-2.000
-1.999
-1.998
-1.996
-1.994
-1.992
-1.989
-1.986
-1.983
-1.979
-1.975
-1.970
-1.965
-1.960
-1.954
-1.947
-1.941
-1.934
-1.927
-1.919
-1.911
-1.902
-1.894
-1.885
-1.875
-1.865
-1.855
-1.844
-1.834
-1.822
-1.811
-1.799
-1.787
-1.774
-1.762
-1.748
-1.735
-1.721
-1.707
-1.693
-1.679
-1.664
-1.649
-1.633
-1.618
-1.602
-1.586
-1.570
-1.553
-1.536
-1.519
-1.502
-1.485
-1.467
-1.449
-1.431
-1.413
-1.395
-1.377
-1.358
-1.339
-1.320
-1.301
-1.282
-1.263
-1.244
-1.224
-1.205
-1.185
-1.166
-1.146
-1.126
-1.106
-1.086
-1.066
-1.047
-1.027
-1.007
-0.987
-0.967
-0.947
-0.927
-0.907
-0.887
-0.867
-0.847
-0.828
-0.808
-0.788
-0.769
-0.750
-0.730
-0.711
-0.692
-0.673
-0.654
-0.636
-0.617
-0.599
-0.580
-0.562
-0.544
-0.527
-0.509
-0.492
-0.475
-0.458
-0.441
-0.425
-0.409
-0.393
-0.377
-0.361
-0.346
-0.331
-0.316
-0.302
-0.288
-0.274
-0.260
-0.247
-0.234
-0.221
-0.209
-0.197
-0.185
-0.174
-0.163
-0.152
-0.141
-0.131
-0.122
-0.112
-0.103
-0.095
-0.086
-0.078
-0.071
-0.064
-0.057
-0.050
-0.044
-0.039
-0.033
-0.028
-0.024
-0.020
-0.016
-0.013
-0.010
-0.007
-0.005
-0.003
-0.002
-0.001
-0.000
-0.000
-0.000
-0.001
-0.002
-0.003
-0.005
-0.007
-0.010
-0.013
-0.016
-0.020
-0.024
-0.029
-0.034
-0.039
-0.045
-0.051
-0.057
-0.064
-0.072
-0.079
-0.087
-0.096
-0.104
-0.113
-0.123
-0.132
-0.143
-0.153
-0.164
-0.175
-0.186
-0.198
-0.210
-0.223
-0.235
-0.248
-0.262
-0.275
-0.289
-0.303
-0.318
-0.333
-0.348
-0.363
-0.379
-0.394
-0.410
-0.427
-0.443
-0.460
-0.477
-0.494
-0.511
-0.529
-0.546
-0.564
-0.582
-0.601
-0.619
-0.638
-0.656
-0.675
-0.694
-0.713
-0.732
-0.752
-0.771
-0.790
-0.810
-0.830
-0.849
-0.869
-0.889
-0.909
-0.929
-0.949
-0.969
-0.989
-1.009
-1.029
-1.049
-1.069
-1.088
-1.108
-1.128
-1.148
-1.168
-1.187
-1.207
-1.226
-1.246
-1.265
-1.284
-1.304
-1.322
-1.341
-1.360
-1.379
-1.397
-1.415
-1.433
-1.451
-1.469
-1.487
-1.504
-1.521
-1.538
-1.555
-1.571
-1.588
-1.604
-1.619
-1.635
-1.650
-1.665
-1.680
-1.695
-1.709
-1.723
-1.736
-1.750
-1.763
-1.776
-1.788
-1.800
-1.812
-1.824
-1.835
-1.846
-1.856
-1.866
-1.876
-1.886
-1.895
-1.903
-1.912
-1.920
-1.927
-1.935
-1.942
-1.948
-1.954
-1.960
-1.966
-1.971
-1.975
-1.979
-1.983
-1.987
-1.990
-1.992
-1.995
-1.997
-1.998
-1.999
-2.000
-2.000
-2.000
-1.999
-1.998
-1.997
-1.995
-1.993
-1.991
-1.988
-1.985
-1.981
-1.977
-1.972
-1.967
-1.962
-1.957
-1.950
-1.944
-1.937
-1.930
-1.923
-1.915
-1.906
-1.898
-1.889
-1.880
-1.870
-1.860
-1.849
-1.839
-1.828
-1.816
-1.805
-1.793
-1.780
-1.768
-1.755
-1.741
-1.728
-1.714
-1.700
-1.685
-1.671
-1.656
-1.641
-1.625
-1.609
-1.594
-1.577
-1.561
-1.544
-1.527
-1.510
-1.493
-1.476
-1.458
-1.440
-1.422
-1.404
-1.385
-1.367
-1.348
-1.329
-1.311
-1.291
-1.272
-1.253
-1.234
-1.214
-1.195
-1.175
-1.155
-1.135
-1.116
-1.096
-1.076
-1.056
-1.036
-1.016
-0.996
-0.976
-0.956
-0.936
-0.916
-0.896
-0.876
-0.857
-0.837
-0.817
-0.798
-0.778
-0.759
-0.739
-0.720
-0.701
-0.682
-0.663
-0.644
-0.626
-0.607
-0.589
-0.571
-0.553
-0.535
-0.518
-0.500
-0.483
-0.466
-0.449
-0.433
-0.416
-0.400
-0.384
-0.369
-0.353
-0.338
-0.323
-0.309
-0.294
-0.280
-0.267
-0.253
-0.240
-0.227
-0.215
-0.203
-0.191
-0.179
-0.168
-0.157
-0.146
-0.136
-0.126
-0.117
-0.107
-0.099
-0.090
-0.082
-0.074
-0.067
-0.060
-0.053
-0.047
-0.041
-0.036
-0.031
-0.026
-0.022
-0.018
-0.014
-0.011
-0.008
-0.006
-0.004
-0.002
-0.001
-0.000
-0.000
-0.000
-0.000
-0.001
-0.003
-0.004
-0.006
-0.009
-0.011
-0.015
-0.018
-0.022
-0.027
-0.031
-0.037
-0.042
-0.048
-0.054
-0.061
-0.068
-0.076
-0.083
-0.092
-0.100
-0.109
-0.118
-0.128
-0.138
-0.148
-0.159
-0.170
-0.181
-0.193
-0.204
-0.217
-0.229
-0.242
-0.255
-0.269
-0.283
-0.297
-0.311
-0.326
-0.341
-0.356
-0.371
-0.387
-0.403
-0.419
-0.435
-0.452
-0.469
-0.486
-0.503
-0.520
-0.538
-0.556
-0.574
