0.016
0.031
0.047
0.063
0.078
0.094
0.110
0.125
0.141
0.156
0.172
0.187
0.203
0.218
0.233
0.248
0.264
0.279
0.294
0.309
0.324
0.338
0.353
0.368
0.382
0.397
0.411
0.425
0.440
0.454
0.467
0.481
0.495
0.509
0.522
0.535
0.549
0.562
0.575
0.587
0.600
0.612
0.625
0.637
0.649
0.661
0.672
0.684
0.695
0.707
0.718
0.728
0.739
0.750
0.760
0.770
0.780
0.790
0.799
0.808
0.818
0.827
0.835
0.844
0.852
0.860
0.868
0.876
0.883
0.891
0.898
0.904
0.911
0.917
0.923
0.929
0.935
0.940
0.946
0.951
0.955
0.960
0.964
0.968
0.972
0.976
0.979
0.982
0.985
0.987
0.990
0.992
0.994
0.995
0.997
0.998
0.999
0.999
1.000
1.000
1.000
1.000
0.999
0.998
0.997
0.996
0.994
0.992
0.990
0.988
0.985
0.983
0.980
0.976
0.973
0.969
0.965
0.961
0.956
0.952
0.947
0.942
0.936
0.930
0.925
0.919
0.912
0.906
0.899
0.892
0.885
0.877
0.870
0.862
0.854
0.845
0.837
0.828
0.819
0.810
0.801
0.792
0.782
0.772
0.762
0.752
0.741
0.731
0.720
0.709
0.698
0.686
0.675
0.663
0.651
0.639
0.627
0.615
0.602
0.590
0.577
0.564
0.551
0.538
0.525
0.511
0.498
0.484
0.470
0.456
0.442
0.428
0.414
0.400
0.385
0.371
0.356
0.341
0.327
0.312
0.297
0.282
0.267
0.251
0.236
0.221
0.206
0.190
0.175
0.159
0.144
0.128
0.113
0.097
0.082
0.066
0.050
0.035
0.019
0.003
-0.013
-0.028
-0.044
-0.060
-0.075
-0.091
-0.107
-0.122
-0.138
-0.153
-0.169
-0.184
-0.200
-0.215
-0.230
-0.245
-0.261
-0.276
-0.291
-0.306
-0.321
-0.335
-0.350
-0.365
-0.379
-0.394
-0.408
-0.423
-0.437
-0.451
-0.465
-0.479
-0.492
-0.506
-0.519
-0.533
-0.546
-0.559
-0.572
-0.585
-0.597
-0.610
-0.622
-0.634
-0.647
-0.658
-0.670
-0.682
-0.693
-0.704
-0.715
-0.726
-0.737
-0.747
-0.758
-0.768
-0.778
-0.788
-0.797
-0.807
-0.816
-0.825
-0.834
-0.842
-0.850
-0.859
-0.867
-0.874
-0.882
-0.889
-0.896
-0.903
-0.910
-0.916
-0.922
-0.928
-0.934
-0.939
-0.945
-0.950
-0.954
-0.959
-0.963
-0.967
-0.971
-0.975
-0.978
-0.981
-0.984
-0.987
-0.989
-0.992
-0.993
-0.995
-0.997
-0.998
-0.999
-0.999
-1.000
-1.000
-1.000
-1.000
-0.999
-0.998
-0.997
-0.996
-0.994
-0.993
-0.991
-0.988
-0.986
-0.983
-0.980
-0.977
-0.974
-0.970
-0.966
-0.962
-0.957
-0.953
-0.948
-0.943
-0.937
-0.932
-0.926
-0.920
-0.914
-0.907
-0.900
-0.893
-0.886
-0.879
-0.871
-0.863
-0.855
-0.847
-0.839
-0.830
-0.821
-0.812
-0.803
-0.793
-0.784
-0.774
-0.764
-0.754
-0.743
-0.733
-0.722
-0.711
-0.700
-0.689
-0.677
-0.665
-0.654
-0.642
-0.630
-0.617
-0.605
-0.592
-0.580
-0.567
-0.554
-0.541
-0.527
-0.514
-0.500
-0.487
-0.473
-0.459
-0.445
-0.431
-0.417
-0.403
-0.388
-0.374
-0.359
-0.344
-0.330
-0.315
-0.300
-0.285
-0.270
-0.255
-0.239
-0.224
-0.209
-0.193
-0.178
-0.162
-0.147
-0.131
-0.116
-0.100
-0.085
-0.069
-0.053
-0.038
-0.022
-0.006
0.009
0.025
0.041
0.056
0.072
0.088
0.103
0.119
0.135
0.150
0.166
0.181
0.196
0.212
0.227
0.242
0.258
0.273
0.288
0.303
0.318
0.332
0.347
0.362
0.377
0.391
0.405
0.420
0.434
0.448
0.462
0.476
0.490
0.503
0.517
0.530
0.543
0.556
0.569
0.582
0.595
0.607
0.620
0.632
0.644
0.656
0.668
0.679
0.691
0.702
0.713
0.724
0.735
0.745
0.756
0.766
0.776
0.786
0.795
0.805
0.814
0.823
0.832
0.840
0.849
0.857
0.865
0.873
0.880
0.888
0.895
0.902
0.908
0.915
0.921
0.927
0.933
0.938
0.944
0.949
0.954
0.958
0.963
0.967
0.971
0.974
0.978
0.981
0.984
0.986
0.989
0.991
0.993
0.995
0.996
0.998
0.998
0.999
1.000
1.000
1.000
1.000
0.999
0.998
0.998
0.996
0.995
0.993
0.991
0.989
0.986
0.984
0.981
0.978
0.974
0.971
0.967
0.963
0.958
0.954
0.949
0.944
0.938
0.933
0.927
0.921
0.915
0.908
0.902
0.895
0.888
0.880
0.873
0.865
0.857
0.849
0.840
0.832
0.823
0.814
0.805
0.795
0.786
0.776
0.766
0.756
0.745
0.735
0.724
0.713
0.702
0.691
0.679
0.668
0.656
0.644
0.632
0.620
0.607
0.595
0.582
0.569
0.556
0.543
0.530
0.517
0.503
0.490
0.476
0.462
0.448
0.434
0.420
0.405
0.391
0.377
0.362
0.347
0.332
0.318
0.303
0.288
0.273
0.258
0.242
0.227
0.212
0.196
0.181
0.166
0.150
0.135
0.119
0.103
0.088
0.072
0.056
0.041
0.025
0.009
-0.006
-0.022
-0.038
-0.053
-0.069
-0.085
-0.100
-0.116
-0.131
-0.147
-0.162
-0.178
-0.193
-0.209
-0.224
-0.239
-0.255
-0.270
-0.285
-0.300
-0.315
-0.330
-0.344
-0.359
-0.374
-0.388
-0.403
-0.417
-0.431
-0.445
-0.459
-0.473
-0.487
-0.500
-0.514
-0.527
-0.541
-0.554
-0.567
-0.580
-0.592
-0.605
-0.617
-0.630
-0.642
-0.654
-0.665
-0.677
-0.689
-0.700
-0.711
-0.722
-0.733
-0.743
-0.754
-0.764
-0.774
-0.784
-0.793
-0.803
-0.812
-0.821
-0.830
-0.839
-0.847
-0.855
-0.863
-0.871
-0.879
-0.886
-0.893
-0.900
-0.907
-0.914
-0.920
-0.926
-0.932
-0.937
-0.943
-0.948
-0.953
-0.957
-0.962
-0.966
-0.970
-0.974
-0.977
-0.980
-0.983
-0.986
-0.988
-0.991
-0.993
-0.994
-0.996
-0.997
-0.998
-0.999
-1.000
-1.000
-1.000
-1.000
-0.999
-0.999
-0.998
-0.997
-0.995
-0.993
-0.992
-0.989
-0.987
-0.984
-0.981
-0.978
-0.975
-0.971
-0.967
-0.963
-0.959
-0.954
-0.950
-0.945
-0.939
-0.934
-0.928
-0.922
-0.916
-0.910
-0.903
-0.896
-0.889
-0.882
-0.874
-0.867
-0.859
-0.850
-0.842
-0.834
-0.825
-0.816
-0.807
-0.797
-0.788
-0.778
-0.768
-0.758
-0.747
-0.737
-0.726
-0.715
-0.704
-0.693
-0.682
-0.670
-0.658
-0.647
-0.634
-0.622
-0.610
-0.597
-0.585
-0.572
-0.559
-0.546
-0.533
-0.519
-0.506
-0.492
-0.479
-0.465
-0.451
-0.437
-0.423
-0.408
-0.394
-0.379
-0.365
-0.350
-0.335
-0.321
-0.306
-0.291
-0.276
-0.261
-0.245
-0.230
-0.215
-0.200
-0.184
-0.169
-0.153
-0.138
-0.122
-0.107
-0.091
-0.075
-0.060
-0.044
-0.028
-0.013
0.003
0.019
0.035
0.050
0.066
0.082
0.097
0.113
0.128
0.144
0.159
0.175
0.190
0.206
0.221
0.236
0.251
0.267
0.282
0.297
0.312
0.327
0.341
0.356
0.371
0.385
0.400
0.414
0.428
0.442
0.456
0.470
0.484
0.498
0.511
0.525
0.538
0.551
0.564
0.577
0.590
0.602
0.615
0.627
0.639
0.651
0.663
0.675
0.686
0.698
0.709
0.720
0.731
0.741
0.752
0.762
0.772
0.782
0.792
0.801
0.810
0.819
0.828
0.837
0.845
0.854
0.862
0.870
0.877
0.885
0.892
0.899
0.906
0.912
0.919
0.925
0.930
0.936
0.942
0.947
0.952
0.956
0.961
0.965
0.969
0.973
0.976
0.980
0.983
0.985
0.988
0.990
0.992
0.994
0.996
0.997
0.998
0.999
1.000
1.000
1.000
1.000
0.999
0.999
0.998
0.997
0.995
0.994
0.992
0.990
0.987
0.985
0.982
0.979
0.976
0.972
0.968
0.964
0.960
0.955
0.951
0.946
0.940
0.935
0.929
0.923
0.917
0.911
0.904
0.898
0.891
0.883
0.876
0.868
0.860
0.852
0.844
0.835
0.827
0.818
0.808
0.799
0.790
0.780
0.770
0.760
0.750
0.739
0.728
0.718
0.707
0.695
0.684
0.672
0.661
0.649
0.637
0.625
0.612
0.600
0.587
0.575
0.562
0.549
0.535
0.522
0.509
0.495
0.481
0.467
0.454
0.440
0.425
0.411
0.397
0.382
0.368
0.353
0.338
0.324
0.309
0.294
0.279
0.264
0.248
0.233
0.218
0.203
0.187
0.172
0.156
0.141
0.125
0.110
0.094
0.078
0.063
0.047
0.031
0.016
